1001309
1003378
100344
100347
100351
100365
100369
1004338
1005997
1005
100629
100645
1007609
10084
100920
101021
10104
10105
101108
101111
10115
101200
10128
1012920
101326
10136201
101390
1014769
10155001
10165727
101668
10175
1019038
101921
1019567
1019698
101
1021195
10231067
1023108
102327
10235
102440
102556
102748
102855
10287666
102885
1029033
102907
102990
102999
102
10300098
1030339
10304147
103101
103159
1031
1032877
10331
10336
1033
1035016
10350979
103535
10356815
10372
103749
103758
1038088
1038590
10401427
10404
104091
10410420
1041101
1041162
10415583
104161
1041
10420
104223
1043643
1043865
1044658
1045278
104680
10475072
10475205
104825
104887
1048943
1049053
1049614
104
1050018
10518
1052007
1052340
1052571
1052644
1052
10533
10538
1054309
1054679
10547
105484
1055027
105510
10555
1055937
10562
10567916
1057258
10572
1057739
105778
1059290
105972
1059911
105
1060066
1060522
1060839
106123
1061863
106197
1062357
106241
1062437
106274
106341
106350
10644240
10652
10654
10657
106592
106593
106597
106598
106657
10673
1067942
1070069
107059
1070862
107192
107284
107298
10738968
10740
1074893
10767816
1077808
10778139
107822
1079264
10799
107
108051
10816281
10825609
10836991
10836
10838
108404
10842
108457
10851868
1085381
108582
108583
1086140
108657
1087088
1088156
1088589
1088593
10885
10887550
10896369
10902580
10915
10917
1092107
109307
1093092
109410
109488
1094933
1095912
109646
10987
1099119
10991
10992
1099759
109999
10
11000
1100630
1101272
11013172
11013
110153
11016
110331
110342
1103
1104357
11045
11047
1105485
1105522
110672
110763
11077
110823
1109271
11094651
1109858
110
111023
1110529
111101
11121
1112665
11127
1113710
1114029
111450
1115
1116594
111723
1118463
11185839
11188
1119079
111912
1119209
1120372
112081
112082
11211307
1122534
1124117
112469
112503
112510
1125459
1125887
1126665
11278
1127
1128436
112849
11289
11296567
11306
113205
113232
11323611
11324
113258
1132
113310
1133470
11337
113387
113401
11340346
11341
113455
11346572
11349
11353689
113537
1135850
113643
1136501
1137443
11374
11376
11381262
1138299
1138622
1139000
11393192
113
114161
114198
114230
114236
11435761
1143630
11441438
11441
114423
114427
11449462
114539
1145402
114550
1145634
114603
114610
114636
11469
114706
114716
114805
114812
114867
11486939
114961
114982
115012
115013
1150555
11507
115085
115162
11525
1152804
11529842
115317
11540037
11544931
115468
115476
11557
11563
1157264
11573
115776
1158158
11590
1159529
115969
116114
116117
116178
1161943
11625
11632
11633
116356
11654
116560
116581
116599
11663
116770
116841
116858
1168806
1168959
116972
116982
116
1170158
11702
117131
117300
117340
117349
11737010
11737144
117413
117457
11761
11766
1177551
1177879
1178039
11781
11783
1179193
117985
117
118014
1180508
118079
118186
1182571
118351
118354
1183550
118541
118661
11866318
1187009
11871302
11872
118823
118827
1188664
1189454
1189548
119073
11912098
119149
11919
119238
119275
1192881
119324
1193327
11933
1193557
119373
1193907
1194517
119842
119
11
120098
12013
120156
12016
12017
1201864
120248
1202734
120278
12035256
12047169
12050118
1205221
1205409
120638
12065788
120725
12074
12075
12080
12088899
120
12104593
121068
12114336
121146
1212767
121276
121292
121464
12151572
12159950
12160756
12160933
12172
121850
1218888
1218966
12194
1220282
12220
122335
122336
1224264
122574
122685
12279740
12298
1230314
1230853
1231197
12319
1232476
123376
123619
123673
123681
123805
123890
1239219
12395
123
124003
12407
12408732
12409185
124245
1242
1243771
1243993
124462
12450
12470
1247221
12476
124893
124919
124
12502
12505
12510874
125155
125190
125257
125286
125314
12535
125499
1254
12551
12555
1255833
1255
12560
1256587
1256765
12569
1257151
125777
12577
12581
12582374
12583
1258421
125876
12589
125916
125
126035
126066
126077
126137
12614436
126261
12629
12633800
12637
126502
126583
126672
126711
1267151
1267924
1268279
126878
1268966
1268994
12691
12692
126993
1270247
127218
1272789
127418
127459
1275404
1276263
127628
12764
127672
127712
12772
127769
127784
12786
1279155
1279599
1279970
12808
12816644
1281
1282066
12827
128437
12855
12860
12881
1288488
12890870
128944
1289782
128985
1290068
12903397
12909746
12910715
12910749
129157
129228
12923
129345
1293688
129377
1293866
12938
1293918
129548
129565
12980
129877
129904
12
130017
130080
130081
1300
13021
130440
130512
130515
130520
1305912
130730
130732
13081
13082971
1308344
13086
130
131087
131123
131146
13115
131162
131262
131525
1315
13164526
131849
1319461
132142
13223998
13223
13236861
13237099
13238368
132451
132541
132543
132555
13258980
13259950
13261341
13270029
132707
132709
1328
132900
132902
132919
132993
132
13302839
133176
13325216
13326835
1333018
13334771
13340721
133457
133465
1334843
13350
133738
133841
133908
133995
13403082
134067
1341685
1342532
1343295
134377
13455
134586
1348187
13507787
135158
13528
13538283
13538670
13539024
13541612
13542387
135450
13550040
135503
135555
135598
13568
13573
13574000
13577
13578
13586724
13587145
13590009
135913
13592037
1359944
13600649
136035
136070
13614447
136168
13616
13620
13621
13624108
13624688
13625837
13639669
13641
13661529
13667
136868
136951
1370975
137111
137270
137277
13728
13730
13733
137446
1374
1375896
13759
1377
1378153
137880
1379444
1379961
138021
1380411
13807
13810290
1381851
13819
13821
13827
13831
13834
13837
13841
138442
138452
138551
1386620
138662
13872
13878
1388569
138959
138971
13913
13923
139254
13926
139373
13939
13944
13957
139709
139746
139786
13982
1398453
1398743
1398771
139879
13990
1399268
13992
13996
139986
13
14002
1401
140329
14032
14035
14036
1403945
1404052
1404056
140439
14045
1404
140688
140743
141041
14112
1412144
141347
14150
141537
141589
141640
1416783
1417694
1418290
14183
14184
1418
141939
141
142110
1421
142247
14255
1426241
14279
142
143126
14320
14326
14348027
1435029
14397
1440148
1440203
14403
1442438
144258
1443320
144349
1444377
14449
1445289
14473
144793
145117
1453585
145383
14554
14558060
14585855
14595
146084
14610
146148
146155
1463286
1464380
146462
1464929
146559
14662
147039
14709
14719
147657
14790831
1479288
147980
148050
1483998
14839
148513
14854
14864
148882
14895
149043
149049
149087
149171
149239
14924
14929216
149348
14935
1494913
14949989
149510
14981152
149840
14
1501238
1502479
150332
150346
1503874
150464
1504838
15059
150731
1513426
151370
151373
1513898
151464
15151
151526
15154
15190
15193
151
152082
152104
152116
15221
1522562
15237
15241
152427
152469
152535
15267
152809
15289
152968
152
153007
153280
153474
1535280
153765
153780
1538
15390
153
154091
1541444
154155
1543245
1544217
15465
154666
1547127
154
1550712
1552552
155351
155396
1554
15553
15565
15567
155758
1557943
155927
1559871
155
156182
156188
156191
156194
156198
1563281
156447
156636
15670
1567122
1567165
156724
156781
156782
156784
156785
156
15708
15717846
157264
15734179
157450
15751752
157568
15759140
15760
1576118
15767111
1576915
15769
15770290
1578170
15787
15789122
15793123
15797975
157979
157
15802149
15810916
15811
15816549
15818644
15819753
158308
15830
1583
1584372
158446
15864659
1587774
15877
15882
15883234
158925
158
15905
15907
1591453
1591625
15950432
15973
159961
159965
15997
160019
16002
160313
16054807
160653
16070
16073388
160909
1609224
1610246
16107
16110555
16113
16114
16118469
16122
16124874
161296
16131032
161461
161498
161553
16158516
161605
161812
16188
1619834
161
16201
1620651
162130
162259
16241207
162476
16248513
162584
1625
16268
1629048
162925
162
1630729
163465
163478
163482
16360
163653
163781
16380
1638887
163921
1639231
164046
164131
16422153
1645041
164619
16482
1649057
16495
164
165145
165190
165251
16525
165260
16527
16530
16536
165398
16541
1654440
165479
16558
165674
1657896
165
16605
1661506
1662992
16649
1665537
166567
1665724
16668399
166897
16697
1669854
1670282
16729
167350
16735
1673638
1674829
167530
1676536
167845
168145
168170
16817
168230
168404
168515
1686230
168642
1687351
16881
168898
168913
168970
169163
169208
169523
169710
169869
169875
169878
169885
169990
170238
170290
1703186
1703428
17039
170539
17057124
170603
1707326
170759
170821
17098
170
1710856
171126
17125
1713209
171369
17142
17143
1714624
17148
17150
17151982
17161
17165608
17166266
17185
1719304
17203275
17207
17208
1722444
17234893
1726894
1726929
17271034
172721
172734
17278807
1727880
1729298
1729428
17331306
17340
17348066
17362
173673
173694
17372
174039
174071
17416658
174216
1742291
174922
174
175030
175078
175089
175143
175181
17529
1757027
1757800
175824
175829
17593285
1759873
1760441
17609165
176169
17623
176258
17659611
1767244
1767259
17674
17675
17688
17695071
176964
17717
177332
17738303
177431
177609
1777175
1779432
177983
178100
17841
17850
1785174
17854
1785500
17863
17865
17866
17868
178709
178796
17890
17891
179014
179070
1791813
179207
17961
179719
17971
179756
17
18009
1802142
1802145
18044656
1804660
180506
18052002
18054702
18054705
1805607
180761
180764
1808566
180
181087
18116
18122
18126796
18133
1813926
181418
181443
18160003
181697
181757
18185
18191115
18196
18197267
181
18203
18220
1822322
182278
18228
18253
182744
183126
183391
183495
1835342
1835405
183554
183586
183595
1837346
18377996
1837960
183829
18386
18413569
1842169
184260
18436519
18452
18454
18455
18462
184630
18467731
18468
18509674
185259
1854
1855153
18553
185579
1856621
18594499
1860104
1860533
186199
186201
18630
186344
1863528
186457
1864850
186608
1866210
1868
186950
186
187037
187149
187176
187215
187218
18736
187899
18796
187979
188003
188004
18807
18825
18827
18828
188369
188458
18856
1886889
18884
1889519
1889
189015
18902
1890387
189114
189135
18913
189147
189173
189254
189272
18929
18937
18947
189589
18967
18983
1898
18
1900888
190122
190445
19059453
190619
190658
1906822
19088
190930
190999
190
191003
19101376
19106674
191147
19135698
191499
1916144
19161888
19161902
19161904
19169658
19174071
192176
192222
19226226
1924490
19246135
192857
19289943
19293
19300677
1930282
193408
193548
193586
193587
1935
193659
1937288
1937310
193795
1938
194086
194323
19433
1943518
19439
194607
194
19509
1953203
1954
195603
195607
1958984
195979
1965514
196575
19673
196859
1968639
19696
197073
197193
197285
197374
197388
197426
197436
1975116
197758
197854
197855
1978
198046
198496
1989613
199002
199157
19916
199175
199249
199358
199688
199785
19
1
200281
2003793
200607
200641
2007429
200835
20107
2011201
201133
2011
2012386
201342
201345
2014020
2014
2018682
20252
202544
2027150
2027316
202839
20295
2033517
2037401
203979
2041342
204185
204378
20448535
20468
204779
2048
204
205132
2051682
205194
20524
2052521
205368
20554
205573
205755
20575
205805
205821
205
206236
206662
206702
206731
20673
207286
207304
207330
20736531
207489
207500
207502
2076421
207741
207742
207
208063
20821049
20842
20850
20895
208
2090913
209145
209302
209414
209506
209574
209576
209586
2095
209901
209966
210292
21071
210783
210805
210820
210834
210868
210
211040
211165
211213
2113410
2113813
21152
211619
211863
212349
212440
21265
212725
213047
213186
2131
21353331
21354477
2135562
21361
213631
213
2141047
21412259
21416168
2141817
214337
214372
21440589
214439
214514
214536
214659
21475
214760
214
21508
215114
21539976
215686
215
216157
216192
21622352
21633
216377
216384
216441
2164744
21656
21658
216
21705
217191
217207
21747204
217623
21794
217974
218062
2183
218427
218467
218564
218566
218569
21857933
218633
21866
218671
218676
218678
218681
218709
218811
21886
218880
219234
21924
2192929
2192
219557
21960968
219635
219
21
220017
220061
220215
22033
2205765
2207083
2207778
22093428
220944
2211399
22127
221319
221327
221479
22148
22149
221
2220037
222127
222133
222366
222384
222472
222576
22258
222652
22294
222
223030
2230386
22318422
22321
22325
223459
223669
22370
223797
223798
2238282
22395
22405
22417
2242700
2243623
22437
22446
2244799
22448
224740
22481
2248573
225038
2250631
22515
22542
22561512
2256479
225819
225905
226004
226267
226370
2267195
227087
227148
227205
227265
227273
227349
227354
22735
227388
227711
2278064
22782
227865
228089
228194
228220
228333
2284185
228531
2285
228694
22871
22874
228755
22880
228990
228
229001
22904
229201
22929
22933
229425
229432
22995
22996
229
22
23001
23012
230130
23014575
23014877
230248
2302856
2304048
23050
230941
230
231160
231262
2312
231479
2316
23186
2319
231
2321296
2322
232458
232635
23280196
2328605
2329073
232927
232
233019
233071
2330
23316
233292
2334894
2340358
234093
234212
234225
234338
234352
234489
234501
234
23503
235095
23510
23518
23522
2355380
235662
23576
2358737
23588
235948
2359726
235977
23597
23607
2362440
236403
236408
2366247
2367427
2368327
236866
237213
2373
2376088
2376121
237
23814
2387
238843
238857
238866
238882
238964
239229
239578
239796
239907
239980
239
24006
240237
240264
2403747
240375
240539
240637
240651
2408194
24094
240976
24097
240
24113
2411757
2414574
241951
241976
24213
2422710
2422837
242520
242625
242793
24296
242
24300
24316
2433062
243398
243561
243705
243827
24384
243900
243991
244031
24408
2441234
244415
2445586
24476
244818
2453730
245645
245665
245756
24583
245
2460924
24618
24647895
246844
24687
246
24703
2470656
24721
24781
24782
247898
247
248069
24807
24821
24830
24835
24836
24844
24846
248470
248482
24849
2485075
2485566
248596
24865
248681
248760
248
24903
24912
2491432
2493
249512
24956
2495
24963
2496
2498739
249
24
25016
2502417
250397
25044
25052
250567
250887
25088
250
251052
251127
251305
251659
25187
251
252352
2523660
25246
2526732
25268
2526
252779
25299
252
2532319
25335763
2536975
2537502
25375
25376
253
254262
254308
254324
2554002
255554
255565
2558258
25590818
256099
25651
2566981
25674
25684414
25689
2569072
257106
257238
25723
25737
2577801
25788654
25790
258475
25847
258782
258800
258811
258823
2589431
25895
258
259034
259097
25932
259950
25
260357
2603
2604700
260632
260800
26123874
26131
261376
261391
26165
26175945
261830
261844
261985
262175
2623
262545
262579
262762
262916
263006
263261
263408
26379
263951
263982
264007
264110
264158
26420
264
26510
265288
2654398
265767
2657
2661003
2661920
266297
26697
267036
267104
267115
267291
267418
267419
267478
2675497
2675694
267671
2682086
268343
2687
26899
268
26931
269354
26950
2696859
269734
26973
26999
26
270032
270443
270487
2704916
270881
271262
271263
271265
271266
2713
271543
2716484
271973
2723
272642
272870
272935
272
27318
2732513
273401
2736291
2736567
2737
27398
2739
274043
274046
2740510
274593
274607
274839
2749408
27500
275038
275247
275506
27578
27579
275964
275985
276249
276338
27646
2771607
277243
277323
277350
2774304
277534
27785
277
278136
27845
278
2791537
279236
279410
27944
2794993
279561
279600
279626
279666
2797862
27
2800048
280251
2802
280315
280510
28061
2807199
280773
28078
280831
28083
281285
281572
28184
28185
281870
28192
28195
281
28206
282199
282302
28239
282633
282724
28381
2838378
28387
2843051
28434
28440
284429
284472
284512
28456
28457
28462
2847
2848
2851981
28524
28525
28538
285423
285740
285899
28600
286229
286230
2862467
2862
286502
286613
286837
286916
286971
287498
2875137
2882
288448
288520
28854
28859
288644
288844
2888607
28911
2892642
289311
289455
289648
2897630
28
290255
290302
290369
290449
290624
290628
29064
290725
2907545
29075
290
291056
29122
29133
291340
291369
291436
29182
2918
291917
291961
291
2920001
292944
293068
2931
2932
293715
29393
29397
294046
294049
2940867
294214
2942566
294475
29468
294861
294959
294964
294971
294974
294979
295107
295419
2954411
295474
295617
29565
295667
29581
29593
295
2960
296748
296959
296961
296
297764
29776
298112
298137
298252
2983599
298425
29919
299215
299431
299600
29971
299758
299804
29998
29
2
30016
300269
300
3014038
3014258
301536
301582
30161
30166
30183
301880
301946
30195
301
302565
3025
3026012
3028
302
3031407
303162
30328
30333
30352
30376
304037
304209
304344
3046979
3047
30491
304
305336
3054954
3055116
305967
30654
306575
30673
306776
3067
3068
306938
3075427
307588
3076046
307645
3080
30810
308455
30848
3088122
3088984
30
3102499
310330
31033
310720
310826
31089
31093
31112
31115
311264
3112
311421
3116148
311640
312080
31219
312260
31227
3124254
31242
31244
312612
3127130
312957
312
313011
31312
313188
3131983
3133664
313369
313374
31365
31375
314063
314097
31457
314796
31487
315238
315498
31554
315783
316766
316767
316834
317644
317646
317649
3178
31794
318031
3181924
31833
31839
318414
3184776
318805
318912
319014
319016
31904
31931
319556
3196873
31970
31
320460
320478
320601
32071
320847
320
32121
3212619
3218735
32202
32234
322665
32278
32279
3229817
3229855
322
32300
32307
3233798
3234420
3234739
323933
323
324011
32401
324508
32468
324880
32513
3252719
325389
325416
32549
325542
32636
326458
3264934
32650
326831
3269091
326
327008
327488
327535
3275
3276374
3277
327862
327
3280380
328350
32872
328802
3290105
329089
329115
3292637
329297
32939
329558
329623
329646
329776
3298612
32
3300
33031
33056
330729
3308718
330992
330
3311228
331319
33138
331680
331684
3317
331857
331975
33259
332613
33262
3328856
33297
332
33308
3335324
333559
33365
333690
333766
333
334012
334306
33459
3345
3347892
33478
334
335173
335451
335698
335760
335862
335
336266
336373
336862
337046
337630
337885
33808
338325
338897
3389
338
33917
339251
3392794
3394
3399107
33999
33
3400
340108
340193
3401950
340321
340607
3406641
341090
341206
341553
3416
341711
34191
341
3420
3421
342340
342504
34262
342636
34270
34284
34286
34288
34291
342999
34299
343175
343471
3437328
34378
343804
343921
343
3441
344724
344726
3447
344846
34492
3449
34508
345149
34527
34529
345450
345481
345590
3465380
347151
3472
347624
347913
347
348632
34898
348
349005
34906
349114
349254
349465
349508
349829
349
34
35038
35062
3509
350
351018
35106
351198
351461
3516
351
35224
35238
3526
352701
352777
35289
352957
352998
352
353118
3532
3533
3536
3537
3538
353900
3540
3541
354221
3542
354577
354
355
356060
356068
3561809
356195
356205
35632
356593
3565
356
357332
35740
35749
357607
357679
357
35811
35822
358991
358992
358
35900
359265
35997
359
35
36087
360
361284
3615
361877
362014
362801
362975
362
363897
3638
363
364219
364550
36466
364834
364
365100
36556
365
366238
36636
3664560
3664
366524
366574
367158
367334
36746
367714
367
3681
3686
3690
369354
369409
369698
369
36
371143
371321
371437
371691
371
372343
372586
3730120
37308
373571
373572
3738
374008
37426
3742
37435
37438
37441
37470
375417
375486
37586
376008
37604
376265
376514
376654
376878
377291
37738
3776
377750
378165
3786
378
379120
379351
379357
379365
379835
379880
37
38004
380082
380174
3803577
380364
3806
3807
380804
380888
380995
381355
381549
38169
38199
381
382870
38306
38319
383269
383300
38333
38338
3836
383
38447
384663
38476
384807
385460
385742
385902
385978
385
386319
38631
3867411
386
3870
38714
3873
38787
387
3880458
388126
388209
388
3892688
389548
38
390353
3904620
390562
390892
39097
390
3912598
391745
391861
39237
39313
393146
39396
393
394
39503
395112
395962
396422
396498
39692
39700
3972
397309
3973
3979407
399136
3992503
39932
3997
399
3
400354
400492
400592
400784
400
40127
40142
401455
40158
40159
40160
40173
401973
402034
40210
4025445
40281
402843
40293
402
40398
403
404148
404150
404200
4043
40448
404856
40485
404928
404
40502
405082
40540
40542
40548
405792
40579
405
406137
406425
406660
4066967
406738
406956
406
40711
407222
407813
408516
40858
408
40941
409496
409696
40969
409705
409890
40992
409
40
4102
410473
410653
410680
41069
410725
410
41126
41134
41147
411772
41231
412
413034
41348
4134
41397
413
414078
414306
41457
414
415807
41597
415
4162265
4163063
416327
416329
416672
41694
417243
417804
417909
417974
41858
418784
418
4191
41940
419916
42002
420
421285
42158
421642
4218033
421
4221624
422
423
424012
42434
425187
425243
4259
425
426009
426084
4260
426287
426504
426777
426944
426
427963
427986
427
428082
428228
4283645
4286100
428
429135
42919
42923
4293624
4295
429692
42993
43027
430398
431410
4318
432094
43219
43236
4325
43273
432853
43299
432
433160
433322
433533
4336592
4344928
4345
4347496
435098
43545
435488
43574
4360
43641
436635
43684
437070
437142
437420
437622
4376600
437965
438061
438131
438211
438242
43842
438492
438716
43884
43889
43916
43945
43963
43969
43992
43998
44068
440
441142
441268
44145
4414890
4414
44176
44187
442295
442296
4423
442784
44309
4433
443658
4436
44382
4438
444084
44530
44551
445653
445683
44578
44589
445
44620
44628
44634
446395
446
4472
44753
447
44820
448
44949
4497
449
4502507
450479
450669
4507672
45093
450
4514
45183
45204
45205
4522
452432
45244
4525
452657
45270
452777
45292
452
453231
45332
453690
45374
45378
453836
453
454134
454294
454
45511
45531
455913
455
45633
456
45726
457
458191
458333
458604
458
4597208
45
46119
46136
46137
461749
46190
461
4620
4622
4627
463063
463172
463
4645
464908
464
4652
465852
46659
4667024
4669
467111
46749
467512
46766
4678790
46787
468487
468684
4687
46903
46971
470176
47021
47028
47082
470
4711
471422
47164
472061
4723293
472466
472844
473464
473576
47379
47391
4739
4742
474934
47515
475
476228
47624
47625
47643
4764
476876
477078
4777
4778797
477976
478246
4782
478
479458
479657
47991
4799
4800
48093
481295
4813805
481516
481
4820
4821
4829896
482
483573
4837
484203
4845
48460
48463
48464
48468
48481
484910
484
485025
4858915
485
486006
48663
4867
486836
487022
487233
487295
487731
48788
487
488297
48885
4893
489608
48
49008
490270
49031
4905778
4906
49109
49111
491379
491497
4915
49160
4916580
491906
4921
4922
492
4930396
4934561
49443
49457
49468
494
4952
4956232
49566
49602
49612
49613
4965
496600
4982
49836
499087
499378
499429
4
500599
50090
50091
50097
501900
502099
50252
50323
503437
504562
504899
504
505097
50547
505
50680
507952
507
508177
508184
508360
508577
5091319
509216
50923
50929
50937
509866
509
50
510247
510671
510832
510
51106
51133
5117
511872
511
51201
51209
512403
51287
512882
51296
5129
51306
513180
513367
5135
51377
5139
514210
51424
5143
5144
514761
51552
515556
515
51606
5166
516863
51744
5179
518536
51877
518
519483
51964
519933
520279
5203
52065
52086
520
5210
52139
521513
52202
5223
522534
522888
52292
523438
523562
5237
523
524003
524022
5240
524654
5246
52472
52494
524
5250
525179
525285
525461
525
52603
526
527021
52737
527747
52880
5289
5292173
529261
529313
5293
52941
529626
5297
5300
53013
5302
530415
53064
5306
530748
530
5312219
531
5323
532907
532
5330
53347
5340
53410
53412
53423
534255
534304
5346
534963
5349
5350
535113
5354
53578
535832
536510
536837
537072
53747
537773
537
538059
53824
538810
538845
538
539149
53969
539733
539800
53988
539933
539
53
54148
5414
54238
5427609
543095
543686
54499
544
5456
54576
546018
546023
54639
5465377
54670
546725
5471485
5473613
5477
54820
54836
549444
549590
5496
54975
54989
54995
5501230
55040
550529
55095
55148
551511
551523
551569
551945
55201
552085
5523292
552359
55354
553863
55397
554023
55442
554488
55515
5552
555469
555500
5559
555
556138
556321
55640
556602
556713
5571
557468
558081
55876
558
5599491
55
56072
560830
56096
560
56140
56156
56166
56230
562884
563308
563784
563
56405
56415
56428
56480
564
56529
565425
565583
565593
565978
5661021
56639
566626
56674
566
56726
567277
567753
56782
567
56839
568437
5686
568864
568
569083
5693
569431
569432
569433
569434
569474
5695
569
57045
570
571235
571622
571
572268
57229
572613
5726
572
574889
574929
575986
57690
576
57736
577703
577704
57795
578941
57905
57918
57931
579696
5799
580262
5803
58059
580882
58129
581847
582
5830581
58306
5831664
583495
583628
58367
584608
58557
585866
585941
585957
586113
58654
586992
586
5871620
587582
587678
587720
587916
588364
58890
5892
5893865
589408
58
590324
590325
59048
5908
591284
59142
59151
59225
592578
59264
593067
593323
5936792
59407
59425
59427
59434
59445
59495
59496
59503
595233
595509
595858
5960563
59649
5969609
59705
5974575
597
5980694
59810
598311
5983731
5984292
5985
5986635
5986
598
599048
59924
599502
59955
59968
59975
59978
599
59
5
600168
60033
6004745
600
60112
60177
6018572
6021482
602177
60249
602654
60281
602
60342
603712
603799
603903
60409
604451
60469
6051929
605208
6056
6057
605
60663
606836
606
60750
60792
608169
6081718
608211
6084563
608762
60884
609370
60
6100516
6104
6105931
6106
611175
61118
61125
611298
61132
611726
611852
612226
6122317
6122575
6124722
6125777
612605
613890
614577
6146534
614715
61505
61549
615741
61610
616394
61649
61661
616822
616828
616
617383
617
6180070
618039
618449
618600
618822
61904
61906
61909
61942
61946
61992
619
61
62000
6205
620615
6207
62087
62088
620944
620
6214277
6218
621
62246
622
62344
62358
62384
6240268
6245
6251387
625139
6261920
6264
62656
62659
626933
627203
62779
6279924
62802
628237
629317
6293
629448
6294853
6296
6297739
629
630113
63030
6304389
6309014
630
631148
6314425
6318337
6318472
631
6320
6328060
6329354
633178
63331
63341
6335026
633668
6337868
633
6340016
6340471
63405
634227
63433
6343
634427
634656
6347745
6348238
63530
6354796
63582
6359434
6366437
63675
63689
6371455
637400
63742
638586
63863
6387496
6388946
6389557
63954
6396987
639833
639
6411373
6411892
6415185
641593
64177
641948
6419542
64207
6421982
642231
6422
642579
6426
6427384
642889
642914
642
6431993
643279
643390
64396
64402
6442950
6443349
644664
64467
644986
644992
6450416
6458631
6460334
646185
64626
64669
647522
647524
6478256
64794
647
6480977
6488554
6489716
648
64931
6495745
649582
6497645
64981
6499992
649
6503541
6503780
65093
6510904
65118
6517
6518784
651
6520202
6520659
65216
6523766
65249
65304
6530
65350
65379
6541352
65471
6547865
6547
654
6551
6556839
656077
6562140
656415
65641
6567436
65684
6568806
65696
656
65755
657773
6578167
657
6586806
6587
65883
658
65915
65942
65954
6596507
6599315
659
65
6601404
660
661188
6619908
661
662298
662
6632
663516
663
6640
664141
6641
664230
6642344
664236
6648604
6649005
6649292
664
6650739
665270
665707
665
666184
666310
666584
66668
6669841
666
6671
6676538
667658
6678919
667
6681106
6685
668
669025
6697005
669780
669
66
670258
670702
6707411
670
6710772
6712487
671456
671719
6719849
672053
6723170
6723628
67276
672
673432
673879
67434
674351
674554
674994
674
675037
6752369
675275
675309
6755260
675
676003
676046
6760
676151
676158
676297
676
67712
67719
67729
6777756
678193
6781
6783
67868
678
6790275
67935
6795269
67
68013
6810
6821292
68221
6822589
6829050
682915
682
68313
68333
68339
68495
68497
6851
6854761
6855471
68575
685
6861180
68642
6864623
6868438
6869
687522
687
688193
688833
688907
6892870
68
6903233
6905012
6908354
691298
692555
693052
69393
694270
6942
6948835
69499
6950117
695196
695217
69521
6952807
695709
6962222
6966814
696703
6968312
697064
6971199
69719
697399
697991
698054
6985953
69880
69881
6988746
6989
698
6990584
69948
69
6
70047
70048
70049
7005469
7005584
7010931
70132
70240
702615
70284
7028661
70293
702
703032
703
70405
7045906
704
705013
70509
7052738
705418
7055093
705910
705
706276
70627
706435
706513
706774
706
707252
7074728
707633
7077
7081
708568
708922
7093673
70946
7103
7105
710706
7107155
710
7114671
712387
7124437
7128
713076
7135858
713664
71395
71490
71582
716097
71659
716872
7170609
717227
71776
7183279
71840
7184
7187184
71956
7195740
719591
7195956
71
7202628
720325
721007
721012
721679
722041
72224
722710
7231086
7237456
7241153
7241680
7243142
7244
72455
72458
724666
724834
724925
72543
72609
7268380
72716
7280714
7285
7293698
72957
729668
7303706
730498
73051
7306302
73092
7322998
73235
7325958
732804
7330
733154
73322
7337396
73389
73390
73394
734171
734619
7351
735278
735387
735960
7362
7363
7371
73723
73812
73860
738631
73881
73962
73966
73977
73
74008
74010
740565
741082
7415
74176
741882
74232
74275
743090
743121
743284
7433
743913
74397
744139
74556
7456950
74637
7469
747334
74824
74888
748936
7491882
749470
74
75008
7502073
750350
750411
7505
75060
750888
7510517
751515
751839
75234
753136
754001
75401
7540
75410
75418
75465
7550
7551580
755594
755866
7562764
75636
7565139
757090
7572374
7573
757464
757801
75816
75856
75864
7588
75893
75911
759887
759
75
760493
760
761156
761158
7613
761623
762464
7624893
7625163
7627836
76341
763471
763553
764815
76527
76536
765768
765
76611
7663760
7666
76671
76679
76683
76688
766917
76740
76749
7674
7675623
7675
76844
7684701
7685306
76887
76915
76958
7698869
76
77004
7703038
77044
77048
770911
771331
771408
7714292
77161
77163
7719555
771
7720367
77205
77215
77266
77295
772
7732
77366
77394
773961
773
774046
7745031
7745
774637
77504
77505
7751
77583
775864
775
776489
77691
776
77711
77738
77771
7779
777
7791
77
7801767
7805
780672
7807640
78092
78176
781
7821811
78250
783131
78394
7839
78428
784726
78477
784843
784911
7849
785092
785333
7857679
78623
786362
7865
78674
78754
7880458
788
7893
7894
78960
78
79034
7907
79081
79115
7911
7912517
79191
7920488
7926
79275
7928
7929
7930254
7932146
7935185
7936425
79378
79420
79424
7942
7943
7956
7959473
79625
79626
796429
79653
7968013
796978
79697
7970577
7970
7973
7976
79783
79787
7980
7981705
79838
798938
79909
799266
79930
7994533
7994
7999
7
80103
8016836
80190
802269
80268
803464
804079
8052960
806311
8063468
8066254
80739
807699
8077494
8078106
8079159
808152
808400
808470
8085042
80875
808814
80890
809094
8090
80935
809382
80939
809995
81090
8112525
81126
811411
81151
8116130
813151
813699
814083
8146
814814
815411
815435
815973
815
8167162
8167
816971
816
8174588
817589
81788
8179326
818095
81948
8198230
81983
819
81
8203
822113
82211
8229029
8229210
82298
822
823863
823
8248
824
825494
825522
826095
826265
82657
8266741
826
827503
827
8280803
82833
828449
828
82965
829944
830205
830990
830
831015
83146
831575
831635
8327841
832880
833450
833577
83397
83407
8341938
834424
834518
834781
834
83506
8352701
8366236
837115
83723
837310
837501
83820
83823
839105
83995
839969
83
840256
8406635
840
84119
841
8423597
84241
842786
842
8438022
8442805
844710
845485
845599
845846
8458698
846
847365
848142
848639
848666
8489
8495956
849915
84
8501710
850206
850617
85253
852714
853352
853607
85386
85400
854752
855118
855189
855741
85629
8564020
85660
85678
8567
85682
85684
857333
857713
8579004
857
85859
85871
8596
85990
859
85
86019
860315
86142
86154
8619684
86238
863338
86337
863638
86379
863
86440
8649
864
86523
865420
8656
865
86630
866325
8664
866
867236
86745
86801
868267
8685
868800
868
8694
8695
8697
869
86
8701217
870294
8703772
8708
870
871284
8716
87189
871
87202
872144
872259
872274
872
87305
873279
8732
8733
873
874136
874165
874
87505
87532
8753495
87539
8758528
876034
87624
8762
876331
8765372
87661
87711
877381
877583
880312
880330
880695
880945
880
881203
881951
881
882085
88252
88277
882974
882
883458
88373
883
8841
88455
88473
885048
88514
885276
8855
885
8861
88654
8865
887780
887
8882617
888620
888887
888888
88965
88
89055
89060
890
89126
8915
891689
8921020
892331
8924
89275
892777
89287
892
893380
893440
893795
893
8943797
894512
894842
895886
895
89665
896
89736
897787
898063
89884
8992
89943
89945
899852
900765
900
9018
901
902002
902414
902
903812
903
904203
904781
905092
90557
906070
906943
90695
9074
907802
90822
908657
9087479
908
909110
909344
909
91024
91068
91078
910
91137
91156
911860
91207
913193
91360
914049
91503
915
916
91707
917339
91803
91860
91937
919
91
92003
92069
92133
921460
92147
922006
922077
9222
92262
922661
92333
92375
923763
92412
925103
925490
92569
92571
925775
925
9262
9263
92665
9267
926854
92752
9291
929585
9297629
92999
929
93003
93012
930588
9309079
9309946
930
931765
931
9325
932773
9328
932
933941
933
934439
93453
934999
93509
935728
935
937003
937098
937683
937
93808
938118
93828
938
93
9405
941200
941372
94201
9429576
94317
943450
944
94529
94590
9461872
9463102
94673
946942
94702
94715
947614
947848
948737
9488716
949497
94955
9498
9499320
9499
94
951582
9516
951
95228
952343
9524132
95248
952712
952
953288
95329
95342
953720
9537411
953784
953788
95378
95381
953869
9538
953994
954202
9545171
9545
954
95531
95659
956
957348
957355
9576977
95778
957894
957
95804
958601
95878
958
95914
9592
9593
9595
95961
9599
959
95
9601
96038
96039
96068
960881
960
96164
96259
9627497
9629
96339
9635
963941
96471
964
9664025
9669989
9670246
967815
96794
967
968827
968971
968972
968
9692754
969
96
9706504
970
9716561
9717
9720
973173
97333
9737753
97380
97381
9740
974122
974
9751250
97531
9754472
9759516
975
9765652
9766
9767
976
97758
97783
977
978718
978
97938
9796196
979694
980280
98037
9806853
980
9810
9813429
982478
983555
98361
983
984168
98502
9856964
9861626
986335
986598
9869184
98783
987
98879
9888794
98897
988
98969
989968
98
99117
99140
9918083
991
99220
99300
99328
99329
99354
99356
994121
9947
99483
99517
9967766
996984
9970421
99781
998062
998
9992389
99951
99953
99966
99997
999
99
