477976
3892688
35548
73390
35238
73394
241852
435488
227087
693052
340108
8179326
74010
458333
738803
46137
46136
897787
563308
6799
527747
1649057
1729298
99997
272
277
278
1070862
86807
6443349
97333
12017
128295
128293
367158
25258867
305763
49566
11340346
21768800
1183550
363527
344846
809094
1832546
22874
22871
123673
1455831
2470656
724977
1433397
3516
75054
2687
209145
1168806
2758149
275506
99
98
91
93
95
94
96
1404056
589408
33503
324880
62088
91068
62087
27578
27579
175089
129450
20252
2843051
883123
1837346
1205409
40969
2038245
1939476
319016
23503
23050
569474
413107
109999
7951537
97938
178100
517
15818644
7184
76887
738631
1060066
415852
15289
627
343471
92262
624
11871302
103974
10885
2256510
144349
2166088
192222
244818
192176
2370651
503239
24703
214536
15553
373065
393
390
250567
249698
394
6251387
399
653706
934421
201133
31904
2304
11289
96418
4379224
17623
733477
3742
13534
4627
43684
51106
101021
1842169
2838378
3429147
5465377
215114
1138299
174
170
80103
905092
553863
247898
46659
494712
1759873
191147
633178
1785500
402843
1792210
722710
251385
9970421
667658
42158
237198
6810
512061
274593
9545171
376177
10572
9918083
78804
269734
37308
749470
8841
4347496
907802
115013
7045906
960904
232745
187731
233292
9627497
22481
7666
333766
11296567
1665537
695217
223030
108457
291340
24556
765802
275247
692
693
2897630
691
696
697
694
695
698
699
685145
30333
94955
296961
1288488
1223062
280510
395622
407061
730498
85999
4649895
85990
1237369
374008
751839
221526
7720367
11563
47028
826265
343807
343804
882085
1105522
638586
6489716
25737
25044
43854
6562140
205132
1344123
107284
6411373
402034
136669
3575711
16729
32071
253
250
251
998062
257
19916
119842
10282984
193795
1062357
153715
100036
81198
335698
113085
1198481
546023
149510
21633
2374212
724834
3681
3686
81991
426944
3081606
58059
3532
3535
3537
3536
3538
556602
329115
5960563
167400
743913
70132
14864
54995
78396
14868
6988746
15734179
530748
499087
1293918
3127130
202544
9664025
89943
1144373
89945
38199
20273
83633
156636
1243771
40941
2038265
2878118
15118
18377996
29122
591284
25890
1177551
25895
71776
238857
17073535
2490655
109646
938118
6122575
234352
12589
12583
12855
1026610
1418
1097860
221319
95961
437965
438242
1019567
217207
831635
986800
1147134
899852
55684
4295
880945
521513
23389
929585
22033
214514
1065989
77004
73051
148050
148051
4742
114427
312612
16002
55640
286916
897936
2554002
968827
527021
116356
2238
2183
222576
539800
5984292
1054309
1205221
16118469
9669989
2831048
151
153
152
155
154
157
156
159
158
276920
935224
96073
450479
877566
45633
6678919
10410420
7942
7943
10372
2536
3349637
9740
190781
1079264
6124722
125077
8865
8861
142109
2003793
816
119238
26831
587678
694270
6387496
157732
23186
14183
882974
14184
2328605
175181
310720
151771
14326
14320
291369
32135
412468
228160
234501
3028
3025
58557
30352
59975
5830581
55095
3561809
8732
19441
1193907
31554
31005
4191
375486
118541
311583
881951
129377
156173
245645
355677
273838
13541612
672586
132685
86284
6755260
634427
276249
8052960
631148
647522
11737010
647524
131087
193408
177609
397852
9941
9947
181418
5031000
16215
239
234
237
230
231
232
56782
227273
1270517
2418934
154107
152469
21656
21658
65542
45404
349465
21458489
1253009
99951
99953
8116130
387817
6445150
452432
17161
294214
68131
1138622
3461243
4930396
937003
472844
10747
10740
8753495
58965
14662
2087864
1822322
83612
125916
125915
44753
68791
316051
185146
484910
8943797
459718
6754978
797034
20295
797
796
794
793
792
1445289
790
799
798
1161943
4807656
157964
26999
13574000
2557061
183595
79576
2721874
334306
107059
2887
134067
224740
50323
2
2696859
24296
158112
189147
692555
1148136
262916
48460
4564896
151526
1064072
1704492
208063
174821
988142
6196935
4764
145383
7249809
124893
392812
150346
3196873
19246135
5803
220061
181443
64794
60271
94348
3184776
11341552
1113448
6519279
11798
369409
1106146
34378
828476
905321
682
153474
909110
20842
10165727
215628
420854
4593073
24647895
454294
809995
8266741
1813926
877587
15649957
1747054
410653
93828
61904
61906
61909
6775322
672826
10532
10533
10538
9717
22996
22995
37438
760493
37435
18126796
159693
1866210
728239
2326716
158925
554488
1855153
863638
1099119
2497816
9834164
48481
1583
1580
17961
569083
126583
114236
652237
5657
1501238
103749
196575
530415
21622352
243991
111912
4286100
218709
2304048
4858915
223673
913065
3465380
774046
502667
7779
417197
641593
170539
225974
225971
458604
56415
92705
1231197
216
214
215
213
210
16763
219
505296
6088
12075
12074
881203
19106674
81151
1179193
455866
307638
498662
372586
6488554
6389557
1032758
24821
103101
1716650
484203
8579004
97531
190426
453836
1574400
608762
329623
17148
69
8078106
17142
4414
16501312
101307
128985
101301
9545
1466047
20107
146148
604992
202501
6499992
314097
3664560
272733
1117634
2569072
27845
133583
467868
3160700
57905
418677
37083
809382
168970
15151
748936
34284
284082
34288
5741575
76790
1052340
123890
3137322
59503
59504
218671
1576915
218676
2055638
142247
1029033
10136201
29393
78176
339740
13490285
2376088
12893
80939
92571
249697
859520
239791
312260
7195956
7510517
404150
5974575
4858
615741
77266
197193
634656
1245814
72237
6419542
7936425
7008426
7230997
95878
77048
1784050
4782
4781
1579139
744139
1657896
337630
89275
32939
165674
207742
1514009
14655178
304392
74798
4384480
260357
194
190
780672
156323
922661
722041
292944
6719849
135450
11986
4878932
2888607
1713209
633668
10331
10336
932427
6723170
1216196
2459243
2267195
7902
63742
348980
7714292
141537
3470041
227711
2141817
146084
1180508
121068
187929
1738611
426065
857
3455
249
3148649
8701217
481516
6
14463851
138692
80875
80876
40065
86440
2211399
322407
4144670
190658
108657
5228
5223
1176051
2018682
7920488
1285555
15811
175143
380174
1223333
3067
58597
3068
16752162
28440
7703038
371143
186199
1279599
146889
66668
361932
33259
183126
29064
17165608
206702
66008
218870
5726
66003
28911
6377369
109742
494
169232
492
107192
12407
25788654
750411
1019038
444437
957894
78960
32549
231160
374395
73977
13237099
859269
629317
6673728
7241680
379365
13810290
158308
13755
428521
13759
287498
14346762
197388
3664
24807
56295
2771607
3442065
1112665
114610
1124696
2572
64981
93455
93453
18065512
3311228
17437
2060015
115518
519933
243837
4433
14348027
4438
60409
6214277
186201
102826
162187
1975116
80268
101326
15568908
152427
20126
62802
580882
850076
547717
26950
2822973
87189
1007116
187149
415123
13841
298425
11872
1289782
14803
168913
18524
1360758
176601
1182571
34262
264007
1596207
29182
7105
564650
49926
510247
3234420
708568
37604
1479288
67276
3324344
2954411
131962
144035
86630
2942566
178984
833577
11544931
122685
491956
6586806
290255
946409
1461
385028
24781
24782
13926
442308
1401
31183
23638
160776
118827
3288400
175829
446795
954202
312
549444
628237
132709
132707
220025
373571
373572
225038
22368
104091
1333
17203275
1034867
6930
279935
1210108
177983
426504
65915
120248
260800
251659
7303706
117131
326458
149348
401455
855189
116841
56606
15877
7926
104638
441268
176169
1202734
6296
61942
6293
61946
349031
69056
69052
86801
69050
586123
2248573
81678
86809
14585855
113232
426009
37470
8352701
2302217
39313
1404052
49240
49711
38447
879
2460924
4845
199249
510671
1559871
339251
44526
80890
5203
11799211
538046
353118
391368
874893
1159529
5365803
280773
1777175
2519334
4502507
2932356
1638887
1835377
3047
284472
1035016
775281
40003
504899
132555
89060
1673638
66397
599502
205817
876331
156447
710706
183495
1328
10902580
59264
1652600
8685
206236
35038
7732
239404
55728
59955
1943518
6907644
1864251
34743
678893
100258
13590009
3280380
6489020
151464
218811
126322
2935661
13586724
26819
776489
318171
69268
216441
282199
93295
6081718
3602
73227
8616
116982
4210345
114636
623079
1074893
104406
140588
196859
9702991
227349
6968312
60177
186950
18462860
254308
9706504
24865
1110169
260632
153350
64257
44739
15541643
85149
205578
295107
10451
841629
10105
1087088
1821823
376514
584608
33031
80935
7128
26931
329089
169885
416672
157630
591
590
593
592
595
594
597
216192
599
598
1741741
35997
162855
5414
672053
13301614
1710930
400492
5793
157450
6122317
637400
1404
263554
525461
267612
690
129877
327488
4344782
5571
229201
8921020
5501230
5129
338
335
334
330
333
332
1348187
7005584
182170
55397
51437
1140341
467512
110297
262175
696306
155351
82657
1061863
527319
214841
1075859
1282066
2217187
311346
73235
12758
6106
228694
386319
121207
362801
523562
6388946
305336
223669
21152
568437
3945296
124787
63833
6104
85555
426027
1557943
22933
33365
211619
844710
70509
2014
404148
2011
320460
18481
7461124
947848
426287
17717
408492
222133
4163063
440111
570354
2011230
33262
538240
1158158
585941
332700
659246
19059453
6499657
61172
879927
3197160
290674
6520202
388209
90695
40281
69051
458
268951
450
452
453
454
455
456
457
1785260
1502479
7713
325416
184095
590325
590324
174410
713076
1661506
67935
1119209
144262
18197619
212440
1503874
47082
24425
752
22448
119373
77411
152909
117340
3973
261830
1589115
289524
10816281
110333
110331
120638
414306
2248552
104421
87202
52065
1609224
9309946
13369
534963
186977
60112
2907545
218166
877994
24846
4667024
49031
2462
20163
343330
1483998
1608795
163015
117300
335897
293715
231395
1958984
329646
59700
59705
10128
2755122
21475339
1365549
18052002
112082
307587
197583
607950
2741135
138442
169869
169710
579
578
573
572
21539976
570
576
575
574
302273
2802
168404
1421
68575
1422
1543245
160653
7417657
529551
941200
771408
35170
646185
18122
230130
280251
5552
5559
132293
5326370
130520
258811
13667
359265
12279740
343921
61762
6551
16010
167495
30810
1629048
248470
2242700
4424620
590683
25674
23988
582
7231086
102299
721679
277323
259497
357
7505
355
92665
393146
352
351
350
12910715
358
292380
16605
972734
12772
333002
1043865
2981107
3014038
15973
2422837
376742
8016836
214313
9856964
77600
258
184630
26165
63859
52494
632335
13528
4800
290878
53013
57045
18468
7195740
18462
1670282
70388
891485
379357
570218
379351
122574
15768877
39751
304944
39758
6261920
168875
133176
509866
272180
19161904
743121
7081
29006
71033
1584372
72609
39326
451655
6942
114812
86758
3210395
336862
66608
229432
88379
127672
77381
11560939
1934997
24408
470
476
89879
475
478
242793
417002
813151
34906
4026
174922
9754472
524654
263982
77161
77163
589345
197854
197855
2920001
9576977
170203
3997
19405
94201
56230
16338308
167739
145117
228755
248596
1860533
296
295
290
291
585
587916
1426241
7572374
276848
130080
130081
67719
140329
270443
7865
1662992
594456
42636
3031407
16817
1001298
458240
39692
6854761
2732513
198496
9328
121146
6599315
9322
824985
137880
367714
9635
9325
5847920
18856
48364
45205
719591
315498
827503
113401
906943
6642344
12910749
132900
132902
5187
1625
84588
3533
433533
1716214
605208
243309
559
558
555
554
557
556
551
550
553
552
14719
9815906
299758
62246
220944
5456
2164744
1364217
4259
288448
8174588
31125
13944
103159
347624
347151
83723
131905
131906
131903
31349
126261
830063
73723
73725
156724
10851868
642231
155396
1232476
2040555
1224264
535832
378
371
73092
35848
51296
845485
16000398
507952
154666
16485
16482
6568806
154445
2278
11590
3116148
215686
17285
56919
17288
904781
4820
4821
7980
11625
2492280
649010
3314630
3399107
1187009
62656
62659
20468
911489
3034502
295289
10084
1760441
410725
15670
1052007
417974
613890
512403
159895
539733
475571
395139
33999
9463102
136070
115476
15907
15905
8159
231479
8150
92412
6691999
95378
119324
676158
313374
47515
543686
1123080
126077
214659
77366
9987
438492
151157
1464380
414
415
416
410
412
413
38169
419
11346572
5379688
961341
312774
43219
232927
385234
867756
1194517
406137
434390
1070069
486006
91503
55745
670702
9297629
337046
614715
65857
308455
599126
214439
153007
15034176
124601
7025373
11737144
22446
75856
6685
562884
328335
99220
63681
25335763
7970577
63689
298137
298130
836152
117349
6021482
441142
173811
56072
107461
6908354
773961
36483
21705
21702
11529842
7456950
2411757
33056
40160
437142
583495
1979
1978
157127
1606
295617
716872
6585661
2848
2847
388581
58306
1136604
112849
14035
1534488
544098
220921
512309
85858
512517
707633
300901
1699340
222206
537
536
535
534
867236
532
531
530
539
538
550915
188369
126711
19174497
469669
16383362
238851
14760774
6517
3098166
267671
630113
3249447
430398
92337
184260
92333
447974
13614447
114198
16649
12510874
288844
10304147
131525
189015
4331403
120711
3142995
588364
10991
1399268
25633
24618
593371
116599
75465
4218033
626933
1399043
2847787
396603
165251
43027
97674
15717846
98542
98549
854721
54670
21543312
3298612
4514
18436519
12584
539933
5289
996984
207489
27944
148513
191499
827427
3124254
70692
99140
8703772
517363
186136
202841
7305
432094
15253859
33426
11919
14314068
78250
59151
30195
12935
76341
6676204
1052571
6180070
156198
53410
156194
2740510
13661529
395112
4478
1924490
6710648
174216
2244799
401973
1370975
6989
1864708
906575
3181924
9461872
4472
2987
2284185
192857
516549
11000
642914
76527
436
207231
432
11341
1767259
3229817
573386
96339
32872
2278064
103615
24849
369507
188004
6790275
188003
590705
616394
12450
2913573
308439
424012
1722444
6429037
43945
603799
120505
419916
13982
128944
1440148
12694
12691
46048
205649
281870
10836
1004338
5074093
191003
741405
1594239
298112
644986
1529729
32121
32120
7337396
697064
56096
17185
12160756
345590
2833088
8987
63405
463172
4982
2090913
669451
45244
7930254
1106898
163781
125286
152082
125283
1954
182155
329558
1453328
49457
11094651
3218735
102990
179070
199580
18983
14208
7968013
5496
28524
28525
58367
284512
1279970
40142
6463472
1504838
85871
615
167530
4723293
22318422
2207083
519
518
511
510
513
512
515
514
40858
516
623
622
621
620
23129
626
625
16313898
3026012
629
628
28381
17390796
212725
303162
6530
413034
1381008
325800
129565
290449
6125777
1120783
525179
393521
72455
32468
3873
72458
6240268
88455
257106
953784
889481
953788
133908
983555
13326835
24583
55201
661188
2368327
22294
1591453
4164
26458
1085381
151232
1088156
75401
82965
98389
209576
209574
73322
22744
114711
31839
114716
172721
199002
320601
31833
16114
968972
968971
16113
93003
5938
2095
192580
400784
675037
106274
11663
248760
665189
6277724
24963
125702
125876
45183
2362440
25217
251052
139879
6279924
1038590
48468
48464
48463
7293698
290369
44589
7627836
7363
3
13550040
4449652
54836
11933
12319
70946
179719
7135858
342340
63341
571235
884174
2403747
546725
1152856
252352
14558060
288090
7791
437622
604451
452777
126035
808152
79187
1030
1031
1108306
1215097
1864850
140848
6354796
946942
207741
553365
8664
17890
17891
953869
11324
89118
11328
299420
19133
51552
1084714
103323
490270
118186
8081
8088
1574
43969
248681
3112013
1635591
4220886
67729
140382
80739
171846
80733
6649
341711
200835
6640
6641
56529
52202
571
12576704
922077
7805
39942
57690
95531
150464
1252866
21071
32147
794755
105778
24213
383269
64142
80190
125115
49613
49612
2321296
2041342
852931
75237
75234
404200
6495745
837310
210868
5695
1423
1932
170821
1935
1938
84298
179014
222652
808814
371595
53845
36910
330992
534304
1601009
1125887
556912
445683
38714
62779
7202628
99595
17122204
1398453
349829
155832
16283539
40127
44176
40129
487295
2393630
9796196
164097
444084
2445586
605
604
607
606
601
600
603
602
609
608
893380
87711
1467808
29673
21857933
10415583
238964
1700253
79420
88473
366524
55442
1470746
111723
34660
44822
19101376
44820
7588
35822
50547
17609165
14790831
674351
187037
213075
6503541
88654
13640790
7807640
52941
1104357
428228
3248536
934649
4141
60857
165479
866325
51209
197285
12583489
429938
98361
377291
1396827
404928
43574
4905778
74888
11449462
7093673
98502
244415
183829
153780
74084
218062
235662
181087
340193
2851981
489608
4414890
520279
314156
12080
290302
13086
102748
10799
236866
52086
432853
6633893
49860
2316864
51411
740
741
742
743
744
746
747
748
749
381355
5354
5350
610213
556321
400592
2878098
211728
169163
864201
40485
421285
91707
175030
893737
8649
222384
3229855
1208163
23597
377833
11306
61661
103304
25824
1084267
1177879
276591
896812
487222
61592
87505
7684987
922273
6868438
925775
509216
853607
19112099
406738
311264
239229
16541
8765372
6777756
185579
7
10871
52880
905398
336373
94399
227388
852919
69662
2373
267418
1156642
1267151
41858
209302
138207
485025
90557
43639
442784
518536
688833
190246
210805
139620
122676
5022032
1913
222674
203890
635149
7074728
574889
2623
285423
45396
10171248
32513
960881
6478547
36648
354
410680
168170
1687351
953720
44620
2329073
1953203
785333
629059
6869
2918008
95114
216157
644664
291917
6520659
1139000
163478
525356
1192881
669
668
667
666
665
664
663
662
661
660
34399
1189454
2906082
6681106
34390
122674
771351
74556
111023
630174
3234739
17278807
1567269
34646
971435
107300
365353
2807199
1154253
61125
228990
26415
3401950
26418
921460
4128
96259
382870
5686
75911
733154
98347
2491432
118661
329877
1763614
96039
96038
51744
17208
17207
1050018
130634
379701
4336592
65350
24926
240264
64402
780237
1398605
824028
10887550
270032
45497
1150555
301582
163116
826885
74355
205368
6057
6056
2635
1713463
349146
9599
9595
791442
9222
9593
9592
12082289
149196
3154596
151379
19174071
6297739
687874
152104
121683
6915965
3544
3540
75008
151370
45726
768
769
2960
814814
123681
760
761
40711
767
764
765
491300
24316
291056
285899
71582
62384
62381
1639231
353602
76679
179207
179756
9499320
1385596
14577
18007
151487
18001
1212767
122336
122335
25025979
17850
44150
115162
330729
23576
672320
103678
814826
318912
1019698
74637
16380
755159
8398178
12151572
23316
1384315
415807
76
935728
1890387
1075381
799635
95914
6309014
16525
16527
2476
757801
13236861
12637
138971
661003
19169658
580262
717368
1057739
1686230
141347
1703186
872144
458191
305634
3046979
951582
6697005
4922
4921
4920
4694
2131
7981705
327008
315436
7268380
11353689
642171
58129
14002
513367
250887
864507
237213
79157
1501668
125155
113643
112510
5473613
1559647
45800
1532822
7935185
11515303
2651265
138959
9898627
30673
1119185
16054807
673879
14129
4376600
14949989
1663914
79336
15380521
751515
243900
461749
263594
595233
86142
641
1240
643
642
645
644
647
646
649
648
3099
1538
6396987
261978
21354477
22542
106123
1100702
32055
4102
31093
7613
280831
1170158
662298
24690
85627
32401
73432
7124437
268343
1230853
792061
306575
103535
65118
20821049
25016
602654
88414
55876
1272789
2100252
99328
99329
64396
64467
191412
198840
932773
362975
17255601
850822
102584
574929
12796635
75395
353253
33138
149171
1559073
308542
11381262
17131807
2864484
3565
735278
15184290
168252
709
704
705
706
707
700
701
702
703
565593
1206650
76611
79124
13021
2076421
1918218
31242
31794
31244
54148
17871
2198241
280331
143126
27500
175078
218564
3237356
825522
27646
27642
51538
606836
380804
127326
129209
267115
4221624
3075427
1886889
119073
71659
35740
1638410
1193327
39237
1193490
7402
568
569
19088
6503644
22680
189135
100347
100344
6760409
180506
377937
642889
15802149
227698
44309
2330
1270467
31931
4711
1355541
1281492
1359475
603712
166393
2713
205755
79909
17674
17675
1191096
60281
4900
162476
270487
558081
81080
4906
57639
623120
235095
11702
5144
5143
120
81884
123
124
125
60750
522953
53824
36466
377750
70284
357332
152809
45821
538810
9429576
87305
6861180
13546965
15882
484862
22782
311421
10547
218681
352701
1535622
18460473
275964
78428
1968639
12409185
95156
14931
14935
6534162
2736567
18902
30654
232719
7659
548595
312080
934999
1443320
6649005
1940709
272870
147499
136868
136869
136866
1965514
1067942
209901
219557
342636
6950117
6245
1429989
13819
17130963
894842
5831664
38338
858525
38333
6971199
201592
11557
15314551
130981
1056742
593067
6329354
64669
91659
43884
43889
335862
135006
6855471
926854
784486
486836
25299
99300
226267
51877
264
74397
268
286229
7243142
571622
149239
1890823
7039258
52472
9262
9267
235977
671719
168898
63030
2313834
523438
1544217
12395
134350
125342
152630
9087
26123874
223459
135913
808400
3502
5087
3505
5085
70674
796978
265341
157986
14636
14635
23535198
371321
1371823
4077671
18736
78674
2878785
3178
332613
893795
726
727
724
725
722
723
720
721
728
729
147688
47991
27627
1110529
290725
25847
13539024
721012
129228
245756
161605
319556
57926
39637
74947
12551
12805
343464
476228
2307959
791
212312
7469
590278
5145756
2661920
65093
1150891
16073
32232
16070
32234
131445
1055027
189114
100369
100365
1093092
6843862
257238
786362
834781
2316
558864
69393
86210
1726929
550529
166809
3776
293068
3858028
1577108
56839
414078
90822
8017554
671528
3418355
2029104
96794
11761
11766
669780
17039
52139
102
101
107
104
105
235560
254454
74232
146303
602177
21924
140439
652404
204064
20524
41348
6105931
3088122
5117
586992
99517
194323
6205
6207
231282
20604410
1174995
41161
8085042
10562
95174
95173
275985
348
2526732
910780
401839
471422
620944
18929
4099794
30328
59924
6445143
656415
1270247
80801
80800
7674
7675
452657
19227859
211040
29581
1961039
168515
50097
162925
50091
50090
784843
1281
1848540
14403
689
688
8762
685
684
687
686
681
680
683
15290891
13834
13837
13831
3401397
1334843
30016
28184
7698869
34155
6100516
385460
91207
338325
9861626
11573
446395
189589
1479682
3119451
25052
25723
43861
74008
560830
6781
206731
73389
463882
501817
245
247
246
240
242
117539
248
563259
34191
678658
512882
17271034
7114671
51606
9538
19281545
84119
2453730
64931
23012
203979
890240
81983
24094
24097
125411
3526
3524
75060
116114
116117
13258980
249512
7821811
5986635
38631
8619684
522888
1136501
237514
2071475
106657
903812
146462
1267924
17057124
662004
108582
108583
747334
91078
44634
10356815
29776
23518
487022
23510
6335026
1416783
705418
417804
762
238866
763
233619
72716
766
6596507
34529
532907
6359364
12827
34527
14
126672
1088589
4916580
180761
180764
12104593
189173
978718
2959803
131466
22395
22645
3980260
1781295
13990
159559
13996
77295
504562
784726
380
381
383
385
386
387
388
400354
86238
307588
704895
7905082
6003799
5518322
1001034
2192
60249
120098
100920
1937310
248482
51133
223890
220215
618600
870294
391848
250397
20895
141589
6333536
164
60792
289311
13034105
161
162
809654
110180
2031715
481546
218313
352957
1120372
727571
316196
351973
676
2366247
9766
9767
415090
2169650
176220
4766865
147980
364550
8855
438061
822113
137197
41147
860315
68333
487233
2961810
3212619
40540
40542
137446
867349
40548
70240
331680
917339
83146
2869241
302349
17995
1554
313188
3035
28434
17999
2340358
59495
59496
183391
17854
388126
178709
1144595
2358737
395962
32733
625139
4344928
2012386
218880
1766401
898817
6426
6421
6422
857713
599048
6429
22258
39396
276708
354221
300269
45204
358880
7663760
877381
48366
92752
9972
107298
57795
845599
259072
65684
19909
229
228
222
221
578941
465036
1659556
43842
120156
64626
64625
6294172
1805607
49552
13542387
664230
546018
664236
26975
200281
1375896
199157
322665
6371455
58043
85660
735960
211213
724925
116178
60472
3371637
9516
10475072
53747
90617
53969
14854
18884
18553
324508
837501
1188664
18467731
2171615
302565
13081
1610246
4025445
1516745
757464
222366
57931
129157
168230
1127
29133
301880
1464929
447094
238843
34055
34508
734171
95228
31487
221327
28083
66552
151373
22620
127837
692547
674994
50680
913193
811411
611852
448453
4777
555500
77018
13641
209414
327738
1188062
6707411
32279
32278
15237
678193
17613
17340
13505
340096
7137576
128437
235032
38306
65233
150131
65942
2938083
124245
154324
142
141
10767816
53881
372343
1113710
576286
286676
16697
74275
161812
162541
2972008
7314278
134120
1757800
1813640
909344
7956
6375708
467111
3345
10697
6936674
831015
52683
627203
12798516
534255
6990584
13259950
3428728
820395
367334
18967
24113
37426
21475
528356
21477
23014575
45332
906340
26846
3269091
6820270
5523292
5250
68642
68313
6864623
867369
381549
209966
40210
11121
688907
14444
11127
14449
17976
17971
284429
59968
284356
13878
442296
577704
35062
13872
110763
577703
5669
103758
225611
838435
4112398
301946
1268591
34492
1513898
1015288
169208
11
10
13
12
1137443
12476
17
19
18
296336
1505569
2626564
1403945
16275866
967815
228333
1143030
703375
1522562
831575
35245
6442950
7107155
55515
16201
32734
205
204
207
32731
19928
208
830
7928
259097
3472
969425
205697
2892642
376878
461841
199175
6510904
199179
57229
6723628
11469
514761
265092
22876379
17150
98897
116159
839969
25187
199358
13311
232211
386485
36746
54238
44567
285740
33716
45292
64207
2684188
572613
8341938
1028373
188932
300848
17659611
1118463
380082
3617957
786
787
780
781
782
783
788
789
95659
6694797
233169
410473
871284
252
157979
109410
109415
34291
608169
34299
380888
7187184
19177676
288520
666184
8148515
402
183586
1377
88514
438211
92569
92568
50336
481884
21412259
1104
23001
2192929
491906
28061
15759140
214760
1350539
83397
26510
1728746
28600
28607
405792
428181
4799
498998
104223
150332
1665724
56639
34296
94351
602029
11781
11783
15729947
25375
913719
4
127769
241348
1509321
427986
611726
1403204
1126665
1036474
118351
25514
42361
80607
14300
7052738
17362
97713
12786
454134
4893
9498
9499
4519274
7976
1145757
7973
895886
20850
7502073
17098
3013506
9720
1138460
539149
849915
271354
2950514
7350289
823863
285351
752805
7236778
764815
184913
44551
718860
804079
543095
160019
1247238
600168
5237
9759516
12050118
2207778
477078
41185
516863
78570
525285
3071
931765
356195
18321
108404
343175
38004
91156
169990
365649
331319
10738968
89055
758679
338694
280899
294861
186457
306269
361957
29075
263006
267036
888888
1388454
888887
129345
1664691
863338
1245498
23216
359313
6084563
23211
1080978
979694
4293624
487
485
484
482
481
6468
177431
3308718
263261
750401
7745
50839
170524
409890
9692754
366238
9524132
82298
8229210
952343
12069
97380
97381
310330
154155
838423
611298
24836
46097
24830
353900
1577263
99966
114603
5471485
11441
25484696
230941
5003
5001
926147
514210
130017
4423
908
665270
18465804
12907665
53927
62344
146155
113387
194086
99293
83407
139746
210820
321444
134711
121464
7801767
202794
2027150
4829896
892777
14813
115384
232635
1222244
34270
1872003
4582124
255554
717
7237456
12881
133841
44949
66262
1203538
6649292
6699329
487731
1531179
417243
789292
158122
22370
13939
24
25
26
27
21
22
872274
29
5589
72957
72224
91360
407914
736274
35632
11278
114161
51377
665707
614577
87875
2558258
5302
377446
880312
670307
25689
707252
127784
428703
2285
557468
1719304
1567122
42434
142879
12903397
1130471
8185168
10657
10652
749560
531321
7911
491497
473576
250841
481295
180
181
26131
586113
499378
513180
869
3449
3054954
13205985
2033517
3441
2384411
45374
4597208
44530
10404
788240
743284
326885
562578
6484873
479524
3050
28457
229001
3001394
339107
188458
147039
316767
106541
290624
205821
1667970
290628
79191
1315
359333
815973
476876
429135
2719843
2029633
266505
1754899
189272
3328856
716097
92739
39087
39083
2749408
1094933
225831
354577
378165
253788
61549
22148
22149
813699
22417
3092728
86337
128738
13624108
413880
572268
18472085
13082971
536510
13350
821878
139184
277350
85358
902414
105457
1404225
85684
444203
85682
640
125499
46566
139984
139986
1206346
2536975
41069
7062170
2410886
1052644
850206
78303
26175945
78305
18828
8915
18827
18825
33751
1363217
2784465
1612
59196
893440
564649
7112
29198
194607
812611
18796
335451
341206
640376
1677
19116595
1673
67269
29998
40625
16686328
887780
169523
164046
21416168
1417
3076046
77215
129866
1889519
13913
1380411
11194134
7624893
170759
3335324
50593
31312
300
301
302
303
304
431149
953994
2548001
51424
3880458
103219
12560
27793
130732
130733
880330
240651
98880
235051
7410
22093428
919983
214581
317646
197436
7415
205532
286613
117457
16188
566259
1217872
97758
3417079
14748126
604849
7285
10673
53064
150731
5969609
12298
105688
34898
15679314
7970
124221
124225
204779
349005
120278
9765652
250864
187979
1783145
21361
2930757
37441
3420
158446
274839
800738
167009
320478
1204661
2865182
8112525
945782
163653
2654398
476800
538059
6546412
837115
573821
13587145
534769
112175
37912
1835342
585957
137111
437070
44048
216377
132541
132543
242520
254942
375417
205805
12980
100629
1930282
552270
29527
449
448
1339
6752369
440
447
446
445
1012920
8694
8697
1189548
92133
38
33
32
31
30
37
36
35
34
7912517
282724
91803
225905
189254
829944
134586
199871
228089
7730308
218633
22437
155758
545
10825609
383300
263951
1190222
299491
5792
958601
3406641
5799
98783
52292
98037
81788
6411892
4392029
181757
32756
101111
830205
258823
52079
227354
77711
257999
244031
534975
74176
262607
937098
3347892
9806853
1220282
46766
1109858
8501710
204185
41264
185433
616828
390562
133621
314063
139709
12172
6320
99781
134751
323933
18807
18800
269354
1495336
410492
21778
37586
149087
1613193
743090
44187
1156865
71956
211165
586
587
584
26697
243827
583
580
581
136928
67712
588
589
2742828
24202
154244
71490
672041
418
136922
21379898
38787
4260
263563
18116
849612
472523
327943
5775606
612670
2433062
30062
8596
1122534
229767
1587774
5892
165398
598311
2358148
47379
127218
1243323
318805
382533
357705
524673
34286
322
323
320
95804
326
327
4401376
74815
328118
914584
1567165
259157
119143
6328060
12764
1041980
1916181
298288
125777
593323
2972926
312957
69719
120298
1861201
154414
209586
3474305
418784
49216
2650244
369
75636
3400
406956
22929
365
6581875
60598
363
682915
2062
192571
2862467
10467775
14112
58654
947502
71395
1293866
1105255
222127
2373321
524022
9780
113205
1310212
272642
223992
2011201
155927
20430
91137
4557873
21388843
7241153
1442438
44068
13639669
278649
6948835
585770
1326270
12088899
2036549
40293
9087479
763471
171369
464
461
463
1578170
734619
15390
5059415
1193557
833245
385978
188418
114805
379835
111450
91860
835372
144258
61362
184332
77394
16668399
335173
381450
784911
425243
318140
1758384
393095
86379
267419
603652
13705
19433
19439
1229948
96366
1482581
6669841
404834
282302
8536432
57736
281
18065548
141958
247060
7075798
6510185
141950
1494913
3014258
106341
102855
1752668
152968
101390
46749
42041
1398771
22735
821167
199688
191508
6874327
1535487
7233003
271852
231389
533
10420
40992
49680
371691
141041
346745
363405
141048
437420
706513
986335
123376
123805
12014790
708
1630
770911
226004
1201864
169878
169875
419378
275354
816971
2817
137277
560
561
562
563
564
565
566
567
1064574
207500
258782
1362120
13957
287215
81
48
512536
11185839
45
14299576
40
339262
30080
89287
130518
258800
130515
130512
272367
2716484
6304389
48969
352028
206678
7849
25932
503642
3011183
345
346
347
341
342
343
112503
2483453
349
32307
51287
32650
32300
142810
214093
149840
117413
17151982
3458174
1477057
224336
199785
124003
120725
69880
69881
436635
16495
755866
1548057
1591625
65471
61994
61992
72543
231262
77619
124919
162259
556713
152535
51306
4283645
5097590
22904
102440
4819
2048
57501
18452
11944
18454
12614436
52737
1133470
429692
17695071
885276
53289
582213
80579
937683
363897
824501
11211307
510832
1005822
10098
95778
168642
6534748
314636
351009
4813805
12942
417909
676003
29565
7077
14397
8167
231464
79625
79626
114867
344447
86745
50252
313369
229425
3234977
137517
19194127
177332
8687
406
405
404
403
1374
401
400
266702
503437
409
408
1258421
1100630
2589896
267478
774637
2109946
11374
81126
2791537
239907
60341
60342
261844
11405568
3290105
65641
874165
43998
43992
2320595
137062
135113
885048
340607
17593285
193548
59048
99216
469882
922006
802279
7855
1145634
772359
6567436
2205765
141939
4162265
10401
24835
10231067
36496
235829
9629
583628
336266
14895
149043
1798835
45270
45273
40173
200607
1085988
238882
125257
1791813
84241
408503
353060
21761578
211129
1062437
456943
2870
178669
44321
317649
317644
572243
45897
2789676
445653
14514775
971066
143768
6359434
31112
31115
16158516
823503
148882
299600
892331
949497
648785
552359
542
543
83734
546
547
544
278136
131912
548
549
23607
6559050
361284
1069528
136035
563784
73860
230248
4956232
453231
229857
791336
119144
279236
476371
106597
119149
110153
21998932
367
364
2007689
362
2359726
360
833450
55148
106592
16122
77583
153951
94817
120700
133178
3275013
24484568
2250631
908657
24956
24952
22736
261476
22734
81609
438716
7005469
7907
1257151
16828853
17529
79838
341090
1268966
162584
17234893
4525
13455
4522
4837
7995
7994
8079159
7999
11632
11633
105510
5297
678519
6478256
3199212
1033716
36556
894481
63863
42923
850617
8146
1145402
7330
202839
54576
757090
418123
71604
1168959
33459
12923
30183
18057818
6672221
766917
982478
814083
1152804
115468
1293688
1119079
123619
59
66365
24384
58
55
50
53
1863528
15380384
1872777
7641018
67949
327535
516224
6520850
40434
1541444
14517
217191
66099
28239
428
356068
421
420
423
422
425
424
427
426
1095912
10155001
43200
232932
7306302
127628
6450416
1236225
6314425
565978
834424
888620
19293
450669
23814
241951
705910
65667
25141
25415
69323
13403082
53988
128936
118014
1567020
20448535
42002
75864
326724
262762
644992
7286511
7839
63675
409696
7837
6343
617383
389524
9601
368000
537773
113638
478246
113630
472466
8992
8993
1049405
349254
59306
350962
113989
271543
40158
163791
159965
159961
11486939
634924
1574546
7684701
6829050
868267
771331
138415
108051
291961
7055093
2498739
369354
8229029
568864
1675547
21736578
79034
76740
1619834
336932
1513426
114982
8314401
421642
892352
272011
87624
9869184
252779
525
526
527
520
521
522
523
528
529
185259
28390
13115
1239
695709
417737
1785174
6903233
986598
7029284
1197157
29627
117985
3807
1530481
761158
1125459
761156
334262
8077494
561445
7550
516875
2794993
807699
16107
6398751
411899
39152
880842
2899219
304344
190999
65304
46190
277534
3439122
697399
116581
554023
15767111
43545
289455
1
406660
17501
1001309
7540
7090887
1654440
106241
41940
25088
1765334
741082
671456
11654
902002
20673
99397
10334952
611637
710328
216384
691700
271973
618822
256099
270881
356
211863
218427
6821292
6169
39700
407222
18410
7719555
76688
470176
4066967
76683
30166
30161
232578
53423
156188
891720
156182
399136
21508
676046
37738
112469
333559
142602
16422153
334012
183286
95342
438131
1359944
13592037
79190
1002
67434
10992
706774
129960
4345
331857
11016
17888
950300
76536
34429
407813
92286
750888
6951757
114539
258475
11337
1784143
51037
598097
989968
110342
155517
319306
118192
27106
27108
2238282
241976
552085
766737
1804660
777321
88277
135158
46051
808470
21886
839105
12470
104566
7812
139786
10786742
210292
3564503
389548
994121
141640
63433
240976
166897
1808940
21265
1624111
2866469
281285
1703428
3092863
2220037
168145
3277
830990
68013
408548
98969
919637
13223
203846
33375
118354
565425
364219
2186394
252572
87397
314796
40135
36636
146559
2014020
28
89736
60
61
9716561
63
65
66
67
68
803464
5661021
27141098
83081
1279228
218678
508
509
506
507
504
505
502
503
500
501
630
631
632
633
634
635
636
637
638
639
23134
59425
59427
303158
109307
25998
279410
171069
35106
2085535
239578
239579
2085797
9810
92361
642579
35811
2993025
33308
13268477
17331306
22515
26468
2007429
309942
28115
201345
405082
947390
75418
205194
209506
852714
551523
116560
114706
114705
5100743
32636
96068
755594
5908
1023108
1842409
13507787
294475
3487
7028661
222439
1871903
104680
396498
24912
85253
125842
227148
106197
52793
2060817
240237
124462
325389
300162
2027316
49295
1342532
274273
2603
380364
10175
99117
195041
7371
930818
295433
70405
30491
1135598
8167162
53447
1128436
24006
18698
60884
157568
1049614
753
715967
751
750
757
756
755
754
759
758
1916144
327862
17587424
16241207
356205
1021195
1149190
264110
129904
16270611
62707
300893
11077
7183279
111101
5
6340016
30728
31457
114550
50948
228530
5735
299431
5732
455893
23588
2217626
3904620
6347745
19126
318414
2409869
25839
13538670
40159
595509
28859
28854
1365252
8090
163921
195603
195607
1527190
279600
579696
13638769
1582083
2572992
855741
127889
131162
6541352
430579
435098
88252
92003
21467164
69499
1569858
6458631
1174425
390892
721007
2387
64177
10350979
240539
3730120
49602
362020
1101272
263408
796429
1782447
14032
160313
49468
7880458
54499
3299
5139
5135
262579
17348066
675275
538845
176964
20554
62767
199129
8567
34877
1114029
167756
768025
2604700
1273992
148733
132229
1835405
87661
6894
15787
14648841
608211
163465
44382
79787
618
619
612
613
610
611
616
617
614
2675497
8248
59407
6966814
30808
380995
15565
15567
775864
359
174039
26899
165145
1292907
307645
53412
148868
187005
35833
221479
1103640
156191
261985
127418
61118
213047
182744
329604
8438022
706276
201322
76749
4134
5693
4436
777426
170603
165190
324011
286837
116611
51201
17542
64691
372011
2230386
489671
46409
4423992
27318
135503
81912
1157264
1757027
556138
118249
99354
6632
16110555
722142
762211
75695
75690
186
390353
204378
7351
216629
9586
218467
4392850
1049053
71336
1779432
2422710
146188
6147770
125314
152116
33297
8198230
1308344
443658
126993
724666
775
774
777
776
771
770
773
772
1876666
243705
779
778
1767244
77
275038
75
74
73
71
71840
78
68221
48885
217974
491316
164619
695196
3078362
10296997
4158804
941372
646258
77995
18014
1268994
522136
479458
524
17841
22561512
15997
4499035
1113829
282633
132142
197374
3292637
15190
15193
239980
311640
550998
7491882
825750
2335637
12502
15221
4819027
12505
12508
109177
7433
39248
279626
16556
327782
16558
1381851
482244
173673
131146
131147
161224
100645
397796
16881
21042
19509
236403
943450
1003100
1065906
15507421
43916
4778797
1109271
261376
664141
391745
29971
17688
4687
79930
508577
12582374
806116
299215
197575
603903
94673
1367127
735387
113655
3062002
112836
94715
435
234212
210834
426827
133738
202936
3127503
44145
1435974
3392794
59649
6878
1017877
15760
29468
8924
18220
163482
678
679
175903
674
675
648569
677
670
671
672
673
10475205
352086
114961
242625
259034
618039
537072
6712487
1661275
8468
6600313
86154
1254
433160
47624
47625
2875124
693908
89884
656077
69864
953288
77504
31089
26420
6482320
320847
1388569
933941
551569
56166
816185
765768
93509
220728
28456
61132
234808
51735
25790
460648
17466277
140743
13238368
60033
488297
4315403
25249
25246
510092
36087
163101
2249548
1239219
623851
70627
99483
1045278
472061
711124
265288
176026
1904134
619428
9074
254639
49836
273401
78087
2452780
271266
1503452
160290
138551
15950432
2887325
719
718
2918
716
715
714
713
712
711
710
24300
491379
1176660
5300
6480977
5306
316766
232395
384663
1044309
1044658
4325
14595
210783
91024
17865
1929511
226837
89432
361877
8882617
907299
147657
1398393
109488
267104
2496
1350343
47164
13261341
357607
1619281
213706
848666
351461
76844
87532
87539
12569
231739
15241
46810
239796
750350
110672
676297
15319797
6348238
16530
16536
286971
593383
166567
173694
1108957
10842
478916
131123
889644
187215
304265
187216
110459
187218
1645041
140688
703123
12194
159055
880695
250521
6160397
688193
2674
277055
140978
21794
551604
1889
15751752
261391
39503
4669
966685
13577
4915
6892870
43641
57623
30902
2929
5179
62548
132
23014877
130
165260
102907
120864
13923
702615
251127
2113813
700100
41397
7259
10838
6851
1761628
6421982
88
83
326831
86
84
85
233071
19135698
529626
190122
18240
10896369
33646
54639
79206
59445
6587
30845
8755
30848
30849
296925
94995
1470908
21701822
174071
3252719
16360
34164
245372
40516
666584
656
657
654
655
652
653
650
651
47391
683006
3080
658
659
6415185
2376121
287347
952712
299804
197239
3433301
840256
231287
106593
2982155
38329
106598
1014769
56140
11525
11527
590470
130440
359387
1319461
1937288
73962
359127
304037
1550712
46116
46119
121850
1657816
215098
15925822
24476
947074
873165
139373
56726
996
1048943
235948
27785
463063
16248513
58890
754001
118823
4425883
337924
1233745
42850
29790
962781
28462
411772
6565122
41231
4497
138021
376265
1925882
2400642
2932
44407
5325
5323
565583
554728
38665
217623
12159950
2661003
33876
94529
6507717
731
730
733
732
735
734
737
736
883458
738
67122
2566740
606846
213631
644009
1256587
45531
1707326
15267
283678
92206
279666
2337894
24097652
2485075
50929
50923
228220
55354
6318337
32202
193589
708922
193586
193587
100351
304911
508184
92069
2707815
1802142
1802145
24721
304209
10387214
541092
65713
1275404
908598
65249
2682086
318031
3615
2322
13635
77771
13164526
6518784
1032877
575986
43665
289227
2493
4645
63923
9631104
7894
5159
52651
5152
11507
186344
117
116
110
113
119
118
165
409496
251102
442881
1538327
2704916
135735
5312219
49111
85400
3024489
1713530
298252
314713
865420
15722
161461
1417527
911159
41112
193659
10555
587582
6710772
10917
233019
10915
12808
18913
30316
274607
159630
325542
119275
7103
295419
2606620
788832
190930
659820
346369
1089065
40579
15816549
133995
40570
496600
14415
131849
11930
825494
93869
13821
13827
28195
118583
9670246
28192
3264934
8489
